0 0 255
1 0 255
2 0 255
3 0 255
4 0 255
5 0 255
6 0 255
6 0 255
7 0 255
8 0 255
9 0 255
10 0 255
11 0 255
12 0 255
13 0 255
14 0 255
15 0 255
16 0 255
17 0 255
18 0 255
18 0 255
19 0 255
20 0 255
21 0 255
22 0 255
23 0 255
24 0 255
25 0 255
26 0 255
27 0 255
28 0 255
29 0 255
29 0 255
30 0 255
31 0 255
32 0 255
33 0 255
34 0 255
35 0 255
36 0 255
37 0 255
38 0 255
39 0 255
40 0 255
41 0 255
41 0 255
42 0 255
43 0 255
44 0 255
45 0 255
46 0 255
47 0 255
48 0 255
49 0 255
50 0 255
51 0 255
52 0 255
53 0 255
53 0 255
54 0 255
55 0 255
56 0 255
57 0 255
58 0 255
59 1 255
63 5 255
66 9 255
69 13 255
72 17 255
75 21 255
78 25 255
81 29 255
84 33 255
87 37 255
90 41 255
94 45 255
97 49 255
100 53 255
103 57 255
106 61 255
109 65 255
112 69 255
115 73 255
118 77 255
121 81 255
124 85 255
128 89 255
131 93 255
134 97 255
137 101 255
140 105 255
143 109 255
146 113 255
149 117 255
152 121 255
155 125 255
158 129 255
162 133 255
165 137 255
168 141 255
171 145 255
174 149 255
177 153 255
180 157 255
183 161 255
186 165 255
189 170 255
192 174 255
195 178 255
199 182 255
202 186 255
205 190 255
208 194 255
211 198 255
214 202 255
217 206 255
220 210 255
223 214 255
226 218 255
230 222 255
233 226 255
236 230 255
239 234 255
242 238 255
245 242 255
248 246 255
251 250 255
254 254 255
255 254 254
255 250 251
255 246 248
255 242 245
255 238 242
255 234 239
255 230 236
255 226 233
255 222 230
255 218 227
255 214 223
255 210 220
255 206 217
255 202 214
255 198 211
255 194 208
255 190 205
255 186 202
255 182 199
255 178 196
255 174 193
255 170 190
255 166 187
255 161 183
255 157 180
255 153 177
255 149 174
255 145 171
255 141 168
255 137 165
255 133 162
255 129 159
255 125 156
255 121 153
255 117 150
255 113 146
255 109 143
255 105 140
255 101 137
255 97 134
255 93 131
255 89 128
255 85 125
255 81 122
255 77 119
255 73 116
255 69 113
255 65 110
255 61 106
255 57 103
255 53 100
255 49 97
255 45 94
255 41 91
255 37 88
255 33 85
255 29 82
255 25 79
255 21 76
255 17 73
255 13 70
255 9 66
255 5 63
255 1 60
255 0 59
255 0 58
255 0 57
255 0 56
255 0 55
255 0 54
255 0 53
255 0 52
255 0 51
255 0 50
255 0 49
255 0 49
255 0 48
255 0 47
255 0 46
255 0 45
255 0 44
255 0 43
255 0 42
255 0 41
255 0 40
255 0 39
255 0 38
255 0 37
255 0 36
255 0 35
255 0 35
255 0 34
255 0 33
255 0 32
255 0 31
255 0 30
255 0 29
255 0 28
255 0 27
255 0 26
255 0 25
255 0 24
255 0 23
255 0 22
255 0 21
255 0 21
255 0 20
255 0 19
255 0 18
255 0 17
255 0 16
255 0 15
255 0 14
255 0 13
255 0 12
255 0 11
255 0 10
255 0 9
255 0 8
255 0 7
255 0 7
255 0 6
255 0 5
255 0 4
255 0 3
255 0 2
255 0 1
255 0 0
